p, q, m=p*q
11,17,187
43,47,2021
113,251,28363
397,769,305293
1579,3167,5000693
6491,10037,65150167
54037,28817,1557184229
115057,272423,31344173111
327133,337153,110293872349
4881677,3604057,17593842163589
15924659,10603949,168864271878391
35449259,23985161,850256184445699
308727737,158311639,48875194049230943
504081047,964765367,486319936306699249
4386865627,4982900207,21859313640859484789
7702458187,16821265841,129565096792713890267
47190199597,28306892807,1335807921533213598779
244843233281,325210093283,79625490735025340151523
400382409787,1092467098033,437404609323463307648971
3437039523371,5008686789751,17215054456560401127770621
14716597007213,13222502177429,194590235972218997318795377
84346602988667,92815592013433,7828679890715124813810763811
361117954244501,197777227399957,71420907754821941404494886457
864112216817021,588166813350491,508242128942495800708487507311
5973051382351621,6550650071542289,39127369465127414311699169200469
25866828365940049,17170058176529857,444134947885503378335782520542993
93402203145540767,36533339411396533,3412294389288249727768178953960811
326818551662175977,375260879231303957,122642217045849492402174013710440989
766367091318466837,1040190922323116801,797168091556640297743951590596028437
7221273527372350301,3453996824592081331,24942255833054956246671130122814330631
25208569468465043281,16422107528259042541,413977838444720837759842123549185217021
74725971577378032209,74500453503517887589,5567118771005651308496131714169283354101
197837937026796111533,211279532460282937103,41799106837928380629204111986348811908899
1212002051919487852369,1967459938796210585863,2384565482890397214839639459763633142459447
3721963971748680488951,4433968252400549701039,16503070087312305767062433795544055392720089
24876331408803612337921,16078619540551368124213,399977068286821505545254656985597925258181173
110889055206010563831647,36036319234275497363437,3996033392990995956156841373209186540841290739
253959109300737888324499,382725684306962487685687,97196673893111589975105286646627536500573745813
2100915840172417871901829,1318320650088779931691931,2769680736197917205738239028445802487916703441799
5292007914109737924757463,3360998842564082623938989,17786432474162794336130233171559601072095534424907
31295278272569170384979117,10576986532544295686826863,331009736821190225182143214865686698515224249619971
92526326013503877690360163,108616096052743929545516891,10049848313690236495950193007647747795789963790013233
562465545585750975243727763,502511208413387856944160587,282645241003191216651525392101699301016186600782276881
764785015559565594146007421,2559765185347927819846212169,1957670057105149284733480711621456164666411441414506149
7365586783202332511362843589,4218039897223384047413213711,31068338918008682543593690206380164100215014949923248779
26228861859387334507812971033,15063675493427020452456779297,395103063611735663278557409883163546198157216831935103801
51487562019168738346811892073,52643719414943430171407909723,2710496768296617270511067212987034246614571451311603325779
259075654009212478204343247571,434883306198421955100389479697,112667676971044774765377733106298459131740792774247949065987
914037052399975949450171301943,1850413881079822154843232624361,1691346849582200268057874107234901853081225267160404028433423
11571156484889809847599102547227,5681225263516848770600719097351,65738346550062803481090037771609343242686905617477888288095677
34062748187975404824150319290029,14830934576205057300799029576757,505182389861610594045311442427396363803821829296158284600255953
140043551466021940082946701898127,161583072670410321799374577030849,22628667353556571102265507068067878497258806941746190524134319823
483458101862887019045048602860419,250807959836468660027501498309731,121255140194642341738971199862437480720935073325850556220222437289
1259424494692045985797896738737183,2892303305241981923636036240236301,3642637628700517523835164000411513813719079934047598020772255080083
5344135380403963728565012451445787,6148030484388754353478886564923079,32855907231424061132360584560067573648130696737850963897373993618173
45464643134938946841408552074835703,23371279115161997602042025339195011,1062566864577891898280263449142837179826359106030918252936544102277733
186336065784394658197311527574304849,151431409871621613077163282034237207,28217133151662115536338769236315104073010509165563899630402100996316743
582252342745571923420825573808810099,782342264026900682226250177046552251,455520616058537699791571637014711047781244590149596417797304276739982849
2588038583337840631492309763998992803,2252019663427432451582968442489436701,5828313779385692950548424426009796233503760689558883474695878530823062903
10012735486004403094224746195443481509,8636226630258850001478948730663000127,86472252845969014894958714476510844850079014552958318458635828631789151643
25234064394738043331938933036599232379,42022647188231046968270581378146675377,1060402185185179812695074602944434313275724413159142600746972985469100431883
154733635688899707815061219937081318867,72208299912622613382345243300371332727,11173052772394556063477953297862599910757003244258376919559178515655639660309
686594571062263354401248646447659550623,841441931834023899346735908227701778839,577729462261383879585572456662086363181079196230629944396010948669124470666697
1110567707921814178489413589086113503411,2457614860641999369844782140442544129223,2729347702737774011870043958553983616634915477031501591659459116268362835279653
9814896791982594274369006236800266728853,10319805278459839507276969093380163262471,101287823721440521781565431451948468977450375876506625599427628119972751627775763
66923770126111190381299599348667326089371,57831557665421903332280032009841272848907,3870305871235638990362870286652777811847733247352982527042787717709330108461667497
94023526420214788311127781337495599642929,121058770102540957588696615735258817708437,11382372469134967843750446863596768945026569539951574459052635348891969079230691973
393461107357462275788215953301944753882983,635705168362718169209128039464264640167847,250125259496857084599305050161672304031592888515311281690221745835580225726117047601
4276202386170642552735772204630268952714841,2717441150916656199268955353604404108305799,11620328333828102421357251358523465164257413578036072783626516950063312268438073662959
12079537470401982370932272813598783062042917,18186100000291181252648698429303523371611151,219679676393994826448059945769201638152717053589844568443503920527270071181663797767467
33736037624546329254981461226340969843198469,43518973669152103220246119355660508508666129,1468157733084156370879180337753832011738456022377056670024414508402912793607754204956501
173519884011797856209477579039342037373360393,124887468552878405717310387609736891416122669,21670459057822513222525147631007916695683712719413987817687985832450127846058639234048917
807426958337663333476871911293745013743540693,847552348097197085822145611520965453321481853,684336614456064282486489644258627485795766410349002500167289967187608100280462857766544129
3754914430961626763762046683499509289500438963,4731433634667148897398843649313461438571329237,17766128433948898855861375770261774766873417001818778290366862709528017018217906697895861231
5504924652844382012682848233596788142365562643,6513538323181144230320595417337130182192535179,35856537692526538534073970520326921611124784466387484500072478967908742594182422112905718097
49463329278674132242776072822487511400209361857,74787054396256172896921502698670833849175883079,3699216697384132935151291771135091971070165257223178468224944534810664939750481521401034317703
175153562350342973862000894298518498961005692941,158789990556065523285599635806448461203943554587,27812632511472194619797751993061682871031581600780040080886489938417541185591181123730594070367
777867723548933592522860774196054031108637127377,840740559413848517929786546788681641860579769767,653984945046507296967691276310767282041114457495786369832157882061483401346581580500246912611159
1904757229090006836793747381015776424770245082193,3648193180500727677812974131258282659976773681927,6948922333675625212264036562943850272138266256597023176484723886799743392890958205154821353625911
17541842990663598704956027478089877272093616780183,10671731800849178508811201248890530815269493957887,187201843688967985474729993659658753519586693359004597245211801869616864776704638440025153938153321
68227117243354387033857304525816399459382954386207,49142695451627936171387932869296931964979968428391,3352864444232677570456260312450124339471908261537431157733049000275737322876327634869013713837602937
334721724538558827378503932912497313748373847929097,243114671044601387486312790259634464737989483174237,81375761952673409468501890625266007321486129270174231054930283932981725700244612178498329828473073989
1175329140884435454760384386123834265975137608053871,1332900447057157876051583530537207148003935560395879,1566596737324169310347251344839558669480719326134720172254215232616087937252910368214631993691518397609
5627060890059569092479786781393807610043756345349031,4347322706921253525959728526396636118536727845030779,24462649580584484094070657263181026602070101279066034472116854858930280616343318714275455958021692825149
18938372493615056061990276552450952603726804863854651,10413732123417172552741875489153047211219589472175073,197219138001999290907131933248379017568889060667622467383868803213040184000920167982421498605763897314523
71642782483115371817434000719337308396784290065617709,72251033773420094410220293503705094015797090923776441,5176265096809358263890661502825309148215815119672829400679719183392871075196587049963122176194793686593669
163660982838597246884410694157249904877479033723215491,267183166875756338510980094343068581366903308572776427,43727459688815222509298759748710899490242912417110827823567246926012392212322608090091904748140103886030657
865595143184911217259407738376249804653575461485753341,1595638552584173274207103789637259260373986456455273163,1381176981395461951888455179671228756768260267528890025887507884618393186951393450840574466100553098994887583
2596299262795320632571150209703435983844387162435816463,4370595814147391483532147919018814314407241463492644199,11347374690247186695540125447036831013017222174479314669943149199570438229818690792958826976275681059325648137
11031882745593362781788595188821764539438257912259021893,15686411474687454670058256695965517970015706259789044217,173050652087882268191486438016656960691245277699012733950382399280272425118186861914173082517160602917748042781
40336371814411962690341973949819368878469497698524838987,115740256530165236166272753398744769310703351108562316421,4668542021296167140320934797143571834189231758830048365191950453236989454478153959830889736340530272034771105527
325681831627248340232533139962061926319196867032037851771,303354388518100975699495087486772496874990681713493421153,98797012884739039108931911311471173100394158318593545366439625661650757974600760645006124512892270168483489911963
799167291639226742343952899690229829922654201391242090271,1802685594663317074669448367392188865577496097040176644813,1440647364364132003784631470301364725286494958647263034142017197019832820061262588567845186640142276196713649914323
3273218903749368273463681832593445247230555498451597870739,5806112229551951365380101578794822972395986557458707647397,19004676307059838726694522385068100276240396766284770514428124828995184408684084665460970030638642791185181195816383
17297785835378371669154879132061639937541093768543879059343,15091874790302066597905762364340582793138463271187621493659,261056017976991020823563971312270325677250242055418447274140591020860348108598371781186061567130814709548785559206037
38558847928521512479210478880943034907804128087583974667419,37216824528000156932495384219757468108852512198347796209873,1435037877357627467548163204024720615690557871307283304943118599198820808887395160181582759664474820855903173899227787
247112801416516293513169339289579548145581248484981693160213,410636961832736986385200718311555005922935263469918373867351,101473650003654715524026208453921555154797954926602631334267297392131402874380779049530375634060839930348877837652905763
1690162081816108116752464165168492958280910898194393737160303,2035517612457702499768361261441597519181940654241074956090961,3440354685444864426806723265316112361929979504085409121278435206139501400356411536226198044161030516501417859397506321183
8597809288808064445589164736537302172557030110704563460067937,8761731244137806878419034532995745906485327897568845229582779,75331694276887875031416941362573526006587361842712142731572019360356440659348279203459123453697983545012161767017505256923
14154834775329681644112320581380134496864130535617682273454433,31822439092520249024911504276215570035316400886038183112419927,450441367502616337329163460688165371814807715821622672645788558825139063338707053842898091405191405576685689706180395686391
